317
3
290009224 439796527 439796527 453189580 439796527 825239952
7
554456483 712780949 554456483 701645418 554456483 578064444 554456483 780709605 554456483 581122182 554456483 567833397 567833397 760462799
3
377073579 560585373 377073579 776528434 776528434 822719789
3
235330821 852404991 235330821 527759607 235330821 284981575
2
693132970 706638830 693132970 771346268
3
768650841 792250654 768650841 849874708 849874708 854902790
2
846667295 850213719 846667295 851435684
2
548270259 718977453 718977453 848046691
3
633108717 833775055 833775055 835749592 833775055 840130435
4
274395083 514686318 274395083 850575805 207749529 759589389 207749529 274395083
1
296413945 853695695
1
761652653 765976635
2
819418412 827692590 819418412 829508349
3
648147396 699308220 699308220 751651362 699308220 775722063
4
756063986 783200884 756063986 831814465 744634550 811654451 744634550 756063986
1
328532347 604609857
5
586918898 853066030 586918898 806795002 586918898 619678286 619678286 810426344 619678286 705659973
3
555638509 716709447 555638509 697893473 697893473 843153362
5
636315395 740474854 636315395 828157973 828157973 843696313 828157973 831413507 828157973 835762878
3
214964284 375742680 214964284 495887434 214964284 241699161
6
374809623 697360833 374809623 734468826 374809623 733485099 374809623 781264496 374809623 805438750 805438750 843056981
1
133998275 219876077
1
99705641 178560443
4
528287187 704861847 528287187 534314177 528287187 750020989 750020989 846719204
4
826908695 833169028 826908695 829209004 829209004 831448371 829209004 842907472
5
628778005 837489954 628778005 814819523 814819523 842967623 814819523 845622860 814819523 826038206
1
832866854 851807092
3
385193402 679094761 385193402 696321432 696321432 713734756
2
674461014 831662191 674461014 789937001
4
547657697 633634144 547657697 638420859 638420859 725244892 638420859 768014574
3
730941975 739197955 730941975 741570750 741570750 775599396
5
744918213 756157621 811125764 824281723 811125764 836562292 744918213 829401456 744918213 811125764
3
586698349 684647010 586698349 811373316 586698349 683064306
4
233087043 732319915 233087043 619413717 619413717 662705898 619413717 646433367
5
764508763 809051338 764508763 818191614 764508763 848466282 764508763 814104161 764508763 845529862
6
72247194 701188959 72247194 479377140 72247194 438256982 438256982 538312316 438256982 688671423 438256982 778340155
6
809905052 853604776 809905052 816272390 809905052 813422352 813422352 818031814 813422352 814969042 813422352 853359370
5
690349061 787664518 690349061 726433466 726433466 854611064 726433466 813009233 726433466 806899648
3
439239781 441466661 441466661 615519387 441466661 629360711
1
31685648 260848795
2
153607535 687966898 687966898 749071005
1
321496163 784890128
1
330026854 813832375
3
437067966 595000700 595000700 805360953 595000700 650042136
5
199949058 809972946 199949058 317942018 199949058 526416673 526416673 643329441 526416673 850201891
1
756316114 849177067
2
300715063 609116475 609116475 696772513
5
443786851 807335340 443786851 472346777 443786851 565667674 443786851 671270044 671270044 744655992
2
460226946 810881768 810881768 841769509
3
357779319 361824301 357779319 836968282 836968282 837029703
2
120331251 338656165 338656165 400308714
5
377107859 521023428 377107859 544328743 6069912 394712493 6069912 82264808 6069912 377107859
2
471358736 501548867 471358736 660967387
3
807651627 809979670 807651627 839560524 807651627 845874416
1
487650867 559827581
3
587520405 792191349 587520405 688705653 587520405 631257781
6
669907991 676928726 669907991 762718863 669907991 749009498 669907991 835688144 835688144 840745765 835688144 847258195
3
7900205 747177482 7900205 122878303 7900205 327688668
2
386975912 418019742 418019742 435525649
3
678071311 719232995 580413390 749433222 580413390 678071311
6
251866131 691162887 251866131 621503856 621503856 633774532 621503856 671957315 621503856 738927376 621503856 757291983
1
587751696 652451477
2
315923307 604484139 604484139 830939023
2
9752706 398204958 9752706 357818648
5
539357191 726996129 539357191 618048517 539357191 732680121 539357191 803099628 803099628 842143995
5
330006352 645828049 321789791 691373012 321789791 801039263 321789791 753994856 321789791 330006352
6
242111406 296438699 242111406 419205522 242111406 546463498 546463498 576759318 546463498 631782823 546463498 786360826
5
583982218 653609991 583982218 798979995 798979995 841875180 798979995 850819887 798979995 845897983
3
445885309 533925394 339200640 705079628 339200640 445885309
2
644773160 700389261 644773160 766861961
5
91702763 130443949 91702763 136023219 624392611 629467691 91702763 712125332 91702763 624392611
3
156186457 267964840 156186457 450574338 156186457 287472519
1
543830014 606175465
1
351287908 382530356
4
559108941 565423923 565423923 844700827 565423923 817778981 565423923 788177978
2
80880239 115866015 115866015 582968538
4
506695199 620905707 506695199 554804085 506695199 854949239 854949239 854991603
2
204016504 805626622 204016504 490507212
2
367919334 741567639 741567639 787099405
2
746120971 804308980 804308980 847147481
3
567105223 750030912 567105223 853829262 853829262 854551817
1
521877053 765368605
4
605662855 712840482 712840482 829870260 712840482 769611758 712840482 723749752
2
519190574 666072343 666072343 842390718
2
341511764 549138723 549138723 631562976
4
623591177 825612393 825612393 840980260 825612393 845407156 825612393 832844357
5
418108323 836848956 418108323 843809520 843809520 846639168 843809520 845279981 843809520 854450331
1
305778204 403118389
4
758075392 796075663 694408035 760041431 694408035 844149114 694408035 758075392
3
253787138 557057143 40987840 483518665 40987840 253787138
2
334679390 473139916 334679390 506504712
2
838905856 847146275 847146275 852977922
5
461350293 483608331 515922369 553184282 515922369 626853118 461350293 783291722 461350293 515922369
4
595188286 661048687 595188286 782217245 782217245 835536785 782217245 843781268
3
516353863 592475280 516353863 567487887 567487887 675042321
1
238268622 359730231
1
267131780 677510540
4
685660076 724218672 542143954 829609045 542143954 637270744 542143954 685660076
2
494715437 764345766 494715437 780388452
2
373191295 759226125 373191295 637667383
4
399945656 637776021 399945656 510761872 399945656 473934398 473934398 567699632
4
653509376 670443546 653509376 801119122 801119122 829875675 801119122 805832995
1
479570420 831140064
3
407094657 658897962 227807102 542152111 227807102 407094657
4
801815683 836785694 801815683 815156341 801815683 834598096 801815683 828827605
4
214957011 241448107 214957011 812623354 214957011 591896557 214957011 386603490
1
470704263 539985811
5
529011201 740744744 529011201 842715816 529011201 539687813 529011201 842591960 842591960 850641570
5
81956665 441810886 81956665 802564635 81956665 136552872 136552872 770518922 136552872 818615313
3
353350316 657436488 353350316 643601585 643601585 698580501
4
793830326 797875463 777690280 819986665 777690280 847494632 777690280 793830326
5
202709502 760757801 202709502 291946524 202709502 785804798 202709502 265621917 202709502 754589309
2
148919098 799835996 799835996 841573020
1
594798022 626974137
3
815086464 853263121 853263121 853856873 853263121 854190235
3
250163926 613972155 250163926 572148213 572148213 680302919
4
386335855 493868856 386335855 834682212 834682212 842135919 834682212 851640256
4
439884582 724259523 439884582 515910008 439884582 581082324 439884582 787562636
4
748296063 801499038 574656532 774218309 574656532 831434989 574656532 748296063
2
151118637 660916381 660916381 844395845
1
205782096 693050042
2
195794814 842447819 195794814 659429463
1
705972413 842781986
3
758915585 822038418 758915585 795047846 795047846 805385262
2
13714910 21862835 13714910 97614619
6
222290311 605308134 222290311 352739983 352739983 503810603 352739983 359720335 352739983 489449143 352739983 664789875
3
521438450 715676945 715676945 787748968 715676945 751674845
3
13277128 831959605 831959605 852568591 831959605 852425255
1
121052987 375549991
3
248894603 674203868 248894603 675191542 675191542 682823253
4
76014478 477431370 76014478 566022122 566022122 841087246 566022122 572828031
1
649013486 692620553
5
71540764 319526794 71540764 356852354 71540764 456752537 456752537 787247235 456752537 484030658
3
597643573 843905081 597643573 820220648 597643573 676696189
4
490572787 723611016 37280988 842011609 37280988 273273803 37280988 490572787
3
854312379 854520720 854312379 855223965 855223965 855225258
3
507573175 534725717 507573175 624238411 624238411 765875087
3
148779270 604927400 148779270 481405744 481405744 535784746
2
78345442 779615445 78345442 503049245
2
597698652 608644145 608644145 810739052
2
254700270 326425022 254700270 751297370
2
598120814 814443523 598120814 731599942
1
472041721 493856702
4
552580376 592002147 592002147 671821163 592002147 681902687 592002147 843885995
4
145593164 337919907 412372814 469800708 145593164 770925104 145593164 412372814
3
491347866 838360951 491347866 600666142 491347866 500842071
1
358553320 618844431
2
785944376 846714883 846714883 854008762
2
525464119 766656042 766656042 795177533
1
456069335 666287694
3
80729869 351562204 80729869 457376275 457376275 796076195
5
640847667 662797669 640847667 744171716 640847667 787099769 787099769 842434412 787099769 847829324
2
4743467 33547613 4743467 16837943
3
340834709 768072646 768072646 779255365 768072646 796303655
5
764730766 846476990 764730766 800783068 800783068 812310612 800783068 855036547 800783068 825740178
1
312355452 352171177
1
624721887 844689647
1
463291458 602596584
3
191191687 243277475 243277475 785792574 243277475 623733506
5
138838004 355861926 138838004 162113280 138838004 813440481 813440481 847158070 813440481 843852747
4
539068285 595999685 539068285 769319848 769319848 836251723 769319848 792105075
5
671128195 854238859 671128195 741687141 671128195 818579678 818579678 820837914 818579678 849070987
6
597885041 711174483 597885041 658926088 597885041 847534533 847534533 854403207 847534533 849920621 847534533 851226427
5
648850509 775241567 648850509 719180030 648850509 715789952 715789952 802140570 715789952 845234353
2
109684640 429245744 429245744 579083526
1
844754041 851439518
3
195773365 426523233 173275478 536637136 173275478 195773365
3
60618091 276911833 60618091 612452047 612452047 753115483
6
149779619 362382561 149779619 531041907 149779619 823032393 823032393 852082343 823032393 848517089 823032393 829695525
3
274288321 716180683 274288321 657245341 274288321 689531836
3
425353727 449995135 425353727 822969827 822969827 854274996
4
742314284 832718289 742314284 764381711 764381711 840828913 764381711 807475419
3
299501802 331826852 299501802 746294215 299501802 695358382
1
434008485 647279891
3
568531629 749604586 512690384 728770738 512690384 568531629
2
447000 198938742 447000 703116335
1
39038142 825235635
1
203795411 557338303
4
90618877 130944632 90618877 435573668 90618877 839197822 839197822 853522861
3
546672378 703726190 703726190 791142531 703726190 731525836
3
753126909 845828022 706608500 799854447 706608500 753126909
6
832065686 832188731 832065686 848124554 832065686 835385386 835385386 848548440 835385386 844323160 835385386 846404232
4
102063813 257176854 102063813 489331887 102063813 761079174 761079174 831814483
2
21834862 598986336 21834862 399222048
4
620581644 839025661 620581644 646016978 620581644 782621768 620581644 739693824
3
756223453 792607805 756223453 837408280 837408280 847789326
1
97473016 277064168
2
734835042 750105191 734835042 855034061
2
250950341 421071326 250950341 848414358
3
540257788 722644296 540257788 849709569 849709569 853692505
3
853756028 854363712 823519093 855246351 823519093 853756028
2
44219914 578588321 44219914 72610280
3
239548667 429672582 239548667 514348708 239548667 489522614
4
189185619 242971337 189185619 482253891 189185619 388608354 189185619 201059648
3
392787783 801142043 392787783 582380663 392787783 433517177
3
843394905 846697475 843394905 846804005 846804005 848733777
3
572022944 769941295 572022944 780931921 780931921 785125428
4
307919713 513000650 307919713 371105724 307919713 707398934 707398934 843782274
2
667564120 741357044 741357044 783010157
2
610454774 843998976 610454774 718470932
3
301433698 323167683 301433698 347760050 301433698 734508433
3
221570170 225208106 221570170 416491430 221570170 385172645
2
482104429 661317401 482104429 666481487
1
292594277 792325061
2
72875040 633579673 72875040 273216423
2
33469080 114594965 114594965 382362177
4
558151341 680405971 680405971 707946715 680405971 821797123 680405971 742265541
2
706771532 798388410 706771532 806354996
4
330796432 341378447 330796432 384910122 330796432 413669281 330796432 433291011
3
654132648 819018749 654132648 825310384 825310384 834664530
4
520515659 796555593 547017270 848276983 520515659 651281958 520515659 547017270
3
495556664 848417108 495556664 756739114 756739114 760416991
4
342584548 462745714 342584548 487986507 487986507 788990390 487986507 605659970
3
547548119 602733144 547548119 851227599 547548119 593257502
3
685773238 829277113 829277113 832251502 829277113 845616419
1
704741286 852179929
3
646284794 752878633 646284794 849478524 849478524 849632517
3
394491790 461311241 394491790 807847149 807847149 838443905
1
739361940 774741008
3
150285135 706914530 150285135 735275571 735275571 742770652
4
558314764 793113350 558314764 580078257 580078257 614600313 580078257 605392285
3
233253592 686442836 233253592 387744297 387744297 479508193
3
104872753 410757512 104872753 410930268 410930268 643722173
3
60486997 143960972 143960972 737321778 143960972 761264959
5
308800547 469717048 308800547 400784895 647992506 853758116 308800547 767508810 308800547 647992506
4
769248600 850710630 769248600 778012514 778012514 791204706 778012514 851458939
2
23722626 346345927 346345927 442201359
3
563261457 713949261 563261457 661117878 661117878 733139333
3
787400230 799425251 778959705 797449909 778959705 787400230
3
509122609 521272348 509122609 749689291 749689291 759522840
2
654226267 833633296 654226267 729828829
1
608323019 629419069
2
343477964 367189103 343477964 418368161
1
479405969 753900826
2
564454335 734520945 734520945 823378090
5
102730669 258964468 102730669 715403273 715403273 776279209 715403273 763272516 715403273 718276777
3
80636541 694469766 694469766 732557733 694469766 776807956
2
696819084 798458592 696819084 783611908
3
737370938 765836652 765836652 814109515 765836652 836326898
3
324466642 809021044 809021044 833966693 809021044 837161570
1
492579395 685082038
2
114027446 557526069 557526069 571913125
6
117356827 414865768 117356827 212388769 117356827 435589940 117356827 228063667 117356827 720786057 720786057 830338642
6
448603539 556291535 448603539 527854713 448603539 804170566 804170566 826403532 804170566 821846196 804170566 839652540
2
832624541 841650415 832624541 834338768
4
400946276 803980946 400946276 756116045 400946276 423113273 423113273 459076016
8
808712109 818417159 808712109 813578818 808712109 820028868 808712109 837933743 837933743 850666874 837933743 848817074 837933743 848138048 837933743 844494160
3
37074085 722541689 37074085 394964309 37074085 314259579
2
141438298 639449987 141438298 507045456
3
790279812 842325836 779593669 828172882 779593669 790279812
6
807568478 854447115 807568478 823620701 807568478 808732928 807568478 839232015 839232015 845736903 839232015 840563107
4
253652680 462188658 253652680 537448605 253652680 791979628 791979628 826823535
3
666933652 759512494 666933652 695646187 666933652 780270814
1
833146214 849130549
3
840010274 849409531 840010274 854834465 854834465 855047291
1
830350167 844640733
2
170804323 676792517 676792517 721967868
2
488173369 691716035 488173369 700009056
4
647146931 704377025 647146931 746506658 647146931 785856602 647146931 722355726
2
735719168 787925899 735719168 801907982
3
690184861 713330304 690184861 850020508 850020508 850756191
6
507521905 699759823 507521905 561889998 507521905 602704797 507521905 815472715 815472715 821056822 815472715 832799477
1
230618144 457479754
3
103220650 115584565 115584565 543505203 115584565 765841865
5
86567647 547825166 86567647 410630734 410630734 614302334 410630734 506851037 410630734 664565181
1
806210642 816693280
4
303527256 416707540 303527256 396589917 303527256 444276247 444276247 766360458
3
64721943 322072869 64721943 749593449 64721943 317651619
3
208013801 729291368 729291368 796569432 729291368 734257378
4
447393227 820397381 447393227 466818199 466818199 845969418 466818199 699386281
2
33660798 665082014 665082014 810319514
5
735576963 786442209 735576963 782122836 735576963 806259658 735576963 844434311 844434311 845943825
4
195328650 719724181 141963221 652598742 141963221 485593514 141963221 195328650
1
852950261 855093351
3
743006159 813560942 694170120 839244313 694170120 743006159
4
778552491 789552060 778552491 804342015 804342015 847194895 804342015 831423915
8
44394261 103597411 211365441 805962516 44394261 398162911 44394261 846429433 211365441 619944465 211365441 633644966 44394261 222401455 44394261 211365441
2
339037384 697429715 339037384 841631651
5
525286276 852351416 525286276 827004608 827004608 847916623 827004608 833318271 827004608 854537162
5
277629207 696808110 277629207 411855661 411855661 473662590 411855661 443913008 411855661 418380178
3
727690422 751325459 727690422 831194878 727690422 739571430
1
619282675 776195223
3
581683176 681399565 581683176 748088138 581683176 692828318
3
125932582 571114842 125932582 195810650 195810650 694233568
4
275547979 434721571 275547979 401684912 275547979 587361857 587361857 684826017
2
786162609 796999576 796999576 821794160
3
744847492 763344779 744847492 850046762 850046762 850349728
2
446735028 790079180 446735028 536045292
4
243886262 342552739 342552739 623078093 342552739 849501949 342552739 413567990
4
813680332 847699522 813680332 848803742 813680332 851529989 851529989 852841707
2
424167188 722417348 424167188 443462849
4
695882106 738205199 738205199 745766127 738205199 752597618 738205199 799526533
3
535409012 732012106 535409012 683899469 683899469 706780498
2
465100268 596527937 465100268 807658798
3
577266060 587557453 587557453 721262671 587557453 688069182
4
483850034 525463868 483850034 666671889 483850034 556881557 483850034 682422260
3
261342095 519368868 261342095 636632142 636632142 660858471
3
804644931 847477520 847477520 850883245 847477520 853572435
4
284112351 610899553 284112351 611426342 284112351 546831909 546831909 655973132
1
826735933 833804763
1
725742366 814454742
1
410353970 546701090
2
504015415 837926955 504015415 631702403
5
45943520 536702752 45943520 55252987 55252987 356008290 55252987 381406280 55252987 196356235
3
490891596 499880806 490891596 512875298 512875298 686292830
3
142777967 593319061 593319061 666372466 593319061 680206044
2
725449053 831528813 725449053 776035605
3
277417503 302615165 302615165 604869252 302615165 694906037
3
847729422 849723283 847729422 852396899 847729422 850930998
3
626212384 759190625 626212384 814755610 814755610 830165910
2
475627299 738213189 738213189 799258685
3
217316896 462505307 217316896 613781232 613781232 648347793
4
558030412 712256671 558030412 786329557 786329557 836536808 786329557 819656282
2
258452502 781715622 258452502 349313718
2
215487557 233634325 233634325 388485091
3
150607552 490034401 490034401 839285498 490034401 808876935
4
84038904 779715755 84038904 316789748 84038904 739763952 739763952 843679737
